231 9
(
(0.85  	 -75   	 -20   	 -0.032755  -0.456303 -1.640982  -0.031346  0.502157  -0.032059  )
(0.85  	 -45   	 -20   	 -0.029433  -0.688520 -1.453351  -0.031465  0.238973  -0.094934  )
(0.85  	 -20   	 -20   	 0.052179  -0.374694 -0.313125  0.005806  0.046241  -0.089596    )
(0.85  	 -10   	 -20   	 0.066394  -0.428135 -0.072728  0.015221  -0.065784  -0.155423   )
(0.85  	 -5   	 -20   	 0.058727  -0.434197 0.038951  0.016049  -0.116358  -0.150695    )
(0.85  	 0   	 -20   	 0.040195  -0.383568 -0.077455  -0.009779  0.086338  -0.092752   )
(0.85  	 5   	 -20   	 0.066855  -0.408563 -0.040399  -0.014169  0.118737  -0.136351   )
(0.85  	 10   	 -20   	 0.072276  -0.404065 0.065644  -0.011766  0.076878  -0.136742    )
(0.85  	 20   	 -20   	 0.063427  -0.312318 0.344443  0.003013  -0.078075  -0.026437    )
(0.85  	 45   	 -20   	 -0.029264  -0.658704 1.448604  0.046366  -0.203440  -0.050443   )
(0.85  	 75   	 -20   	 -0.037959  -0.440092 1.675493  0.036402  -0.492315  -0.008079   )
(0.85  	 -75   	 -10   	 -0.045535  -0.188649 -1.708003  -0.034446  0.472289  0.077253   )
(0.85  	 -45   	 -10   	 -0.012784  -0.317260 -1.444754  -0.045235  0.184372  -0.029057  )
(0.85  	 -20   	 -10   	 0.070387  -0.078062 -0.391850  -0.011445  0.125727  0.068800    )
(0.85  	 -10   	 -10   	 0.012016  -0.219696 -0.221986  -0.000401  0.079885  -0.075081   )
(0.85  	 -5   	 -10   	 0.015326  -0.196642 -0.105397  -0.000458  0.033360  -0.048686   )
(0.85  	 0   	 -10   	 0.016872  -0.189668 -0.000689  -0.000452  0.001562  -0.040466   )
(0.85  	 5   	 -10   	 0.015371  -0.201472 0.103553  -0.000567  -0.030206  -0.054117   )
(0.85  	 10   	 -10   	 0.012533  -0.225600 0.212388  -0.000600  -0.068239  -0.081660   )
(0.85  	 20   	 -10   	 0.067411  -0.089150 0.429466  0.013422  -0.163447  0.058950     )
(0.85  	 45   	 -10   	 -0.009591  -0.326429 1.396642  0.022184  -0.114946  -0.011361   )
(0.85  	 75   	 -10   	 -0.032691  -0.213938 1.660269  0.010061  -0.394000  0.030518    )
(0.85  	 -75   	 -5   	 -0.037376  -0.034546 -1.665358  -0.013496  0.389742  0.109947   )
(0.85  	 -45   	 -5   	 -0.012486  -0.145044 -1.411298  -0.031555  0.141187  -0.006299  )
(0.85  	 -20   	 -5   	 0.070235  0.032480 -0.401939  -0.015367  0.126169  0.114329     )
(0.85  	 -10   	 -5   	 0.015254  -0.109192 -0.201418  -0.000466  0.054722  -0.036573   )
(0.85  	 -5   	 -5   	 0.019346  -0.096171 -0.096718  -0.000366  0.022963  -0.022039   )
(0.85  	 0   	 -5   	 0.020628  -0.091802 -0.002512  -0.000405  0.003623  -0.016707   )
(0.85  	 5   	 -5   	 0.019278  -0.096302 0.090922  -0.000409  -0.015078  -0.021931   )
(0.85  	 10   	 -5   	 0.015572  -0.107228 0.191600  -0.000552  -0.042460  -0.033993   )
(0.85  	 20   	 -5   	 0.059499  0.027441 0.421471  0.012998  -0.143271  0.109461      )
(0.85  	 45   	 -5   	 -0.014247  -0.176832 1.355991  0.004649  -0.075426  -0.010505   )
(0.85  	 75   	 -5   	 -0.030789  -0.156192 1.664763  0.000107  -0.377505  -0.030823   )
(0.85  	 -75   	 0   	 -0.033619  0.080986 -1.655776  -0.007923  0.375357  0.091893    )
(0.85  	 -45   	 0   	 -0.013400  0.023672 -1.380436  -0.009497  0.102618  -0.002678   )
(0.85  	 -20   	 0   	 0.015909  -0.004820 -0.421499  0.002720  0.137569  -0.006226    )
(0.85  	 -10   	 0   	 0.016755  -0.004159 -0.189922  -0.000362  0.040667  -0.005322   )
(0.85  	 -5   	 0   	 0.020639  -0.002464 -0.091811  -0.000391  0.016627  -0.003368   )
(0.85  	 0   	 0   	 0.021339  -0.001444 -0.004001  -0.000422  0.005356  -0.001973   )
(0.85  	 5   	 0   	 0.020892  -0.001528 0.087993  -0.000442  -0.011463  -0.002060   )
(0.85  	 10   	 0   	 0.017229  0.000182 0.186091  -0.000469  -0.035534  0.000016     )
(0.85  	 20   	 0   	 0.017093  0.000952 0.391899  0.003937  -0.102792  0.001397      )
(0.85  	 45   	 0   	 -0.010653  -0.019401 1.362658  -0.003242  -0.089358  0.008418   )
(0.85  	 75   	 0   	 -0.034109  -0.058972 1.677737  -0.008108  -0.373379  -0.094093  )
(0.85  	 -75   	 5   	 -0.025602  0.156226 -1.654957  -0.000103  0.392255  0.040745    )
(0.85  	 -45   	 5   	 -0.013527  0.177318 -1.353655  0.000546  0.075707  0.017487     )
(0.85  	 -20   	 5   	 0.058125  -0.027535 -0.415145  0.013293  0.137176  -0.110026    )
(0.85  	 -10   	 5   	 0.015397  0.101846 -0.195894  -0.000408  0.048275  0.026812     )
(0.85  	 -5   	 5   	 0.019205  0.091921 -0.094746  -0.000388  0.020266  0.016063     )
(0.85  	 0   	 5   	 0.020794  0.087794 -0.001166  -0.000415  0.001362  0.011285     )
(0.85  	 5   	 5   	 0.019382  0.091304 0.092509  -0.000397  -0.017326  0.015494     )
(0.85  	 10   	 5   	 0.015767  0.104997 0.197598  -0.000540  -0.049734  0.031059     )
(0.85  	 20   	 5   	 0.067796  -0.032965 0.401052  -0.015453  -0.126070  -0.111892   )
(0.85  	 45   	 5   	 -0.011015  0.133394 1.405276  -0.028890  -0.133053  -0.001259   )
(0.85  	 75   	 5   	 -0.038154  0.054101 1.682453  -0.015262  -0.388247  -0.100648   )
(0.85  	 -75   	 10   	 -0.027997  0.225945 -1.660681  0.010367  0.408949  -0.020942    )
(0.85  	 -45   	 10   	 -0.009822  0.310309 -1.389372  0.014510  0.106826  0.012374     )
(0.85  	 -20   	 10   	 0.064241  0.075785 -0.389253  0.012272  0.114377  -0.073338     )
(0.85  	 -10   	 10   	 0.012153  0.219936 -0.215954  -0.000421  0.072924  0.074010     )
(0.85  	 -5   	 10   	 0.015318  0.196619 -0.107591  -0.000461  0.035594  0.047669     )
(0.85  	 0   	 10   	 0.016979  0.185644 -0.003854  -0.000415  0.004522  0.035086     )
(0.85  	 5   	 10   	 0.015654  0.192563 0.101740  -0.000436  -0.028545  0.043317     )
(0.85  	 10   	 10   	 0.012331  0.214614 0.218915  -0.000515  -0.075908  0.068563     )
(0.85  	 20   	 10   	 0.071197  0.077140 0.381321  -0.011480  -0.112986  -0.068576    )
(0.85  	 45   	 10   	 -0.023345  0.324219 1.439748  -0.041765  -0.187024  0.032598    )
(0.85  	 75   	 10   	 0.103606  0.729719 3.952272  0.000305  -1.335916  0.252173      )
(0.85  	 -75   	 20   	 -0.032924  0.468229 -1.661639  0.042902  0.492767  0.013964     )
(0.85  	 -45   	 20   	 -0.031354  0.672749 -1.455042  0.043596  0.197629  0.070400     )
(0.85  	 -20   	 20   	 0.059456  0.349897 -0.314377  0.001848  0.041825  0.068549      )
(0.85  	 -10   	 20   	 0.068943  0.393140 -0.084565  -0.008914  -0.056274  0.124634    )
(0.85  	 -5   	 20   	 0.066590  0.410058 0.034382  -0.014344  -0.112689  0.136601     )
(0.85  	 0   	 20   	 0.048111  0.414587 0.099695  -0.013922  -0.105539  0.131551     )
(0.85  	 5   	 20   	 0.060848  0.430337 -0.042175  0.014294  0.119222  0.153371      )
(0.85  	 10   	 20   	 0.064794  0.437078 0.084281  0.014577  0.051743  0.168930       )
(0.85  	 20   	 20   	 0.054471  0.378112 0.300289  0.006312  -0.029950  0.097511      )
(0.85  	 45   	 20   	 -0.030305  0.675089 1.427043  -0.029342  -0.223704  0.083839    )
(0.85  	 75   	 20   	 -0.035567  0.453961 1.709117  -0.032196  -0.526961  0.040720    )
(0.95  	 -75   	 -20   	 0.001073  -0.684953 -1.856483  -0.021995  0.507812  -0.190202   )
(0.95  	 -45   	 -20   	 0.001829  -0.786131 -1.545868  -0.023057  0.192474  -0.094736   )
(0.95  	 -20   	 -20   	 0.075440  -0.638101 -0.560117  0.023573  0.197042  -0.255290    )
(0.95  	 -10   	 -20   	 0.091961  -0.369159 -0.142681  0.006431  -0.008845  -0.039502   )
(0.95  	 -5   	 -20   	 0.091599  -0.518879 -0.024748  0.015262  -0.060590  -0.226483   )
(0.95  	 0   	 -20   	 0.058476  -0.513967 0.008268  -0.000321  -0.008989  -0.217951   )
(0.95  	 5   	 -20   	 0.095304  -0.357950 0.052550  -0.004456  0.022515  -0.039368    )
(0.95  	 10   	 -20   	 0.098791  -0.330834 0.196649  -0.001846  -0.052871  -0.001969   )
(0.95  	 20   	 -20   	 0.081675  -0.539655 0.608059  0.017459  -0.264770  -0.149151    )
(0.95  	 45   	 -20   	 0.009932  -0.785702 1.594088  0.032704  -0.220114  -0.083904    )
(0.95  	 75   	 -20   	 0.015179  -0.631952 1.852625  0.031124  -0.496231  -0.137442    )
(0.95  	 -75   	 -10   	 0.008806  -0.273623 -1.947054  -0.035221  0.520150  -0.044985   )
(0.95  	 -45   	 -10   	 0.022102  -0.335255 -1.663905  -0.034822  0.253567  -0.020777   )
(0.95  	 -20   	 -10   	 0.096190  -0.160187 -0.349468  -0.005292  0.031854  -0.000383   )
(0.95  	 -10   	 -10   	 0.073540  -0.253787 -0.254007  -0.000707  0.116306  -0.114655   )
(0.95  	 -5   	 -10   	 0.073490  -0.228062 -0.118596  -0.001074  0.046736  -0.084547   )
(0.95  	 0   	 -10   	 0.072157  -0.218878 -0.001160  0.000042  0.002630  -0.073125    )
(0.95  	 5   	 -10   	 0.074981  -0.235358 0.119104  0.000648  -0.047036  -0.093311    )
(0.95  	 10   	 -10   	 0.074120  -0.258920 0.249619  -0.000430  -0.111696  -0.119852   )
(0.95  	 20   	 -10   	 0.093802  -0.161472 0.359258  0.006160  -0.035120  -0.001539    )
(0.95  	 45   	 -10   	 0.026294  -0.370948 1.588410  0.019621  -0.164986  -0.011160    )
(0.95  	 75   	 -10   	 0.018667  -0.268755 1.894097  0.016935  -0.449697  -0.023677    )
(0.95  	 -75   	 -5   	 0.006842  -0.122758 -1.933061  -0.031101  0.479898  0.017190    )
(0.95  	 -45   	 -5   	 0.028966  -0.135998 -1.624984  -0.024472  0.197486  0.014850    )
(0.95  	 -20   	 -5   	 0.096138  -0.024954 -0.425020  -0.007709  0.119680  0.061559    )
(0.95  	 -10   	 -5   	 0.074767  -0.122225 -0.233322  0.000416  0.091072  -0.050278    )
(0.95  	 -5   	 -5   	 0.074768  -0.109427 -0.109978  -0.000228  0.037090  -0.036618   )
(0.95  	 0   	 -5   	 0.073878  -0.105630 0.000731  -0.000078  -0.000811  -0.032492   )
(0.95  	 5   	 -5   	 0.074862  -0.112020 0.107759  -0.000118  -0.034258  -0.039622   )
(0.95  	 10   	 -5   	 0.073822  -0.121629 0.226765  -0.000933  -0.083065  -0.049201   )
(0.95  	 20   	 -5   	 0.093567  -0.029368 0.520732  0.015942  -0.231715  0.060427     )
(0.95  	 45   	 -5   	 0.032030  -0.204496 1.583115  0.007434  -0.147851  -0.016045    )
(0.95  	 75   	 -5   	 0.043251  -0.170141 1.936801  -0.000890  -0.478854  -0.059656   )
(0.95  	 -75   	 0   	 0.016543  0.054991 -1.931119  -0.015102  0.452152  0.059748     )
(0.95  	 -45   	 0   	 0.034238  0.047102 -1.600672  -0.008001  0.164245  0.018401     )
(0.95  	 -20   	 0   	 0.057667  -0.010321 -0.513312  -0.000689  0.216466  -0.014713   )
(0.95  	 -10   	 0   	 0.071900  -0.001903 -0.217319  -0.000034  0.070709  -0.001991   )
(0.95  	 -5   	 0   	 0.073896  -0.000995 -0.104831  -0.000066  0.031147  -0.001359   )
(0.95  	 0   	 0   	 0.073999  -0.003334 -0.003050  -0.000123  0.004340  -0.004846   )
(0.95  	 5   	 0   	 0.073798  -0.000690 0.104448  -0.000111  -0.030604  -0.001153   )
(0.95  	 10   	 0   	 0.072162  -0.001379 0.217113  -0.000062  -0.070352  -0.002742   )
(0.95  	 20   	 0   	 0.058323  0.007363 0.511894  -0.000836  -0.214593  0.010665     )
(0.95  	 45   	 0   	 0.035761  -0.018669 1.593847  -0.004453  -0.160590  0.008717    )
(0.95  	 75   	 0   	 0.017406  -0.057659 1.928444  -0.014799  -0.444409  -0.063884   )
(0.95  	 -75   	 5   	 0.026379  0.165010 -1.885803  -0.000215  0.435209  0.037106     )
(0.95  	 -45   	 5   	 0.035038  0.200422 -1.588000  0.005147  0.152202  0.016532      )
(0.95  	 -20   	 5   	 0.092627  0.033597 -0.522774  0.015351  0.234549  -0.055785     )
(0.95  	 -10   	 5   	 0.073542  0.119384 -0.229268  -0.001092  0.086800  0.045849     )
(0.95  	 -5   	 5   	 0.074718  0.109350 -0.109977  -0.000212  0.037441  0.035701     )
(0.95  	 0   	 5   	 0.073793  0.104213 -0.003019  -0.000098  0.003979  0.030271     )
(0.95  	 5   	 5   	 0.074506  0.108794 0.108607  -0.000235  -0.035172  0.035477     )
(0.95  	 10   	 5   	 0.074819  0.121434 0.233004  0.000376  -0.090696  0.048986      )
(0.95  	 20   	 5   	 0.095318  0.029715 0.421711  -0.007837  -0.115896  -0.054584    )
(0.95  	 45   	 5   	 0.026693  0.147427 1.606144  -0.023300  -0.176075  -0.011398    )
(0.95  	 75   	 5   	 0.007914  0.137337 1.971500  -0.030076  -0.497187  -0.004557    )
(0.95  	 -75   	 10   	 0.004588  0.258265 -1.909124  0.017461  0.440925  -0.011642     )
(0.95  	 -45   	 10   	 0.027433  0.387502 -1.586658  0.015868  0.159874  0.025819      )
(0.95  	 -20   	 10   	 0.094258  0.175626 -0.346004  0.005064  0.019286  0.017861      )
(0.95  	 -10   	 10   	 0.073872  0.256404 -0.252529  -0.000665  0.116024  0.116103     )
(0.95  	 -5   	 10   	 0.074801  0.232980 -0.121404  0.000395  0.050457  0.089796      )
(0.95  	 0   	 10   	 0.071965  0.216691 -0.000997  -0.000038  0.000370  0.069897     )
(0.95  	 5   	 10   	 0.073266  0.228216 0.116866  -0.001056  -0.044426  0.084620     )
(0.95  	 10   	 10   	 0.073487  0.253695 0.253177  -0.000712  -0.115266  0.114506     )
(0.95  	 20   	 10   	 0.101231  0.214803 0.314352  -0.000981  0.009375  0.065871      )
(0.95  	 45   	 10   	 0.017805  0.346853 1.639204  -0.034942  -0.228803  0.022384     )
(0.95  	 75   	 10   	 0.006820  0.325639 1.968312  -0.035789  -0.527771  0.063728     )
(0.95  	 -75   	 20   	 -0.001943  0.646305 -1.894186  0.039101  0.514034  0.156695     )
(0.95  	 -45   	 20   	 0.007108  0.751175 -1.515986  0.029730  0.143087  0.045692      )
(0.95  	 -20   	 20   	 0.071510  0.631366 -0.533278  -0.003825  0.158264  0.250150     )
(0.95  	 -10   	 20   	 0.094594  0.376796 -0.138903  -0.006365  -0.015242  0.057924    )
(0.95  	 -5   	 20   	 0.096804  0.461076 -0.012466  -0.011053  -0.073205  0.162289    )
(0.95  	 0   	 20   	 0.057870  0.513041 -0.012961  -0.000269  0.015223  0.216468     )
(0.95  	 5   	 20   	 0.093074  0.524668 0.019421  0.016130  0.064333  0.235713       )
(0.95  	 10   	 20   	 0.094640  0.433863 0.130229  0.007270  0.025131  0.120267       )
(0.95  	 20   	 20   	 0.084318  0.633476 0.519087  0.025506  -0.153032  0.256396      )
(0.95  	 45   	 20   	 -0.001910  0.794989 1.631630  -0.020390  -0.280467  0.105181    )
(0.95  	 75   	 20   	 0.000933  0.703012 1.901861  -0.023549  -0.523681  0.191655     )
(1.05  	 -75   	 -20   	 0.008683  -0.812689 -2.103784  -0.018677  0.543428  -0.248515   )
(1.05  	 -45   	 -20   	 0.051388  -0.785339 -1.623761  -0.017287  0.347474  -0.117452   )
(1.05  	 -20   	 -20   	 0.094206  -0.661043 -0.672479  0.002592  0.268270  -0.219663    )
(1.05  	 -10   	 -20   	 0.104590  -0.538289 -0.281628  0.002851  0.125742  -0.182909    )
(1.05  	 -5   	 -20   	 0.109783  -0.519676 -0.135883  0.001198  0.062296  -0.184171    )
(1.05  	 0   	 -20   	 0.111271  -0.515465 0.006538  -0.000768  -0.009190  -0.186726   )
(1.05  	 5   	 -20   	 0.109282  -0.522277 0.148085  -0.001298  -0.078574  -0.188711   )
(1.05  	 10   	 -20   	 0.103123  -0.545515 0.279477  -0.002853  -0.120319  -0.194667   )
(1.05  	 20   	 -20   	 0.096551  -0.708225 0.643551  0.002186  -0.229382  -0.273081    )
(1.05  	 45   	 -20   	 0.049952  -0.820257 1.635329  0.028954  -0.356943  -0.161377    )
(1.05  	 75   	 -20   	 0.028301  -0.781937 2.061559  0.025490  -0.513342  -0.209730    )
(1.05  	 -75   	 -10   	 0.023397  -0.402071 -2.179826  -0.032638  0.555743  -0.121122   )
(1.05  	 -45   	 -10   	 0.057969  -0.401707 -1.689414  -0.030239  0.365645  -0.095577   )
(1.05  	 -20   	 -10   	 0.102568  -0.301004 -0.542464  -0.002303  0.198841  -0.134994   )
(1.05  	 -10   	 -10   	 0.123940  -0.246632 -0.251104  -0.000474  0.105898  -0.097251   )
(1.05  	 -5   	 -10   	 0.125906  -0.225221 -0.121748  -0.000687  0.049559  -0.074581   )
(1.05  	 0   	 -10   	 0.125919  -0.218390 0.001560  0.000003  -0.001836  -0.067051    )
(1.05  	 5   	 -10   	 0.126935  -0.230472 0.121040  0.000328  -0.048461  -0.081054    )
(1.05  	 10   	 -10   	 0.124196  -0.252663 0.243945  -0.000521  -0.097192  -0.104267   )
(1.05  	 20   	 -10   	 0.104710  -0.300438 0.529990  0.002654  -0.181199  -0.133347    )
(1.05  	 45   	 -10   	 0.072638  -0.403791 1.677199  0.026535  -0.356065  -0.064236    )
(1.05  	 75   	 -10   	 0.091251  -0.616059 3.328221  -0.000311  -1.092935  -0.208477   )
(1.05  	 -75   	 -5   	 0.091937  -0.318797 -3.384530  0.000584  1.112613  -0.110748    )
(1.05  	 -45   	 -5   	 0.073355  -0.181558 -1.697073  -0.027466  0.365200  -0.033907   )
(1.05  	 -20   	 -5   	 0.109549  -0.155717 -0.521572  -0.001415  0.190131  -0.081839   )
(1.05  	 -10   	 -5   	 0.126895  -0.122444 -0.231922  0.000363  0.083907  -0.048472    )
(1.05  	 -5   	 -5   	 0.128139  -0.108627 -0.110854  -0.000080  0.036806  -0.033696   )
(1.05  	 0   	 -5   	 0.127514  -0.105161 -0.000133  -0.000070  0.000186  -0.030200   )
(1.05  	 5   	 -5   	 0.128240  -0.109335 0.108882  -0.000099  -0.034580  -0.034488   )
(1.05  	 10   	 -5   	 0.126382  -0.121186 0.225204  -0.000804  -0.075635  -0.047131   )
(1.05  	 20   	 -5   	 0.110134  -0.145221 0.517808  0.000916  -0.184738  -0.064862    )
(1.05  	 45   	 -5   	 0.069746  -0.210385 1.675692  0.009482  -0.337952  -0.037459    )
(1.05  	 75   	 -5   	 0.091969  -0.307051 3.365063  -0.000077  -1.103467  -0.102109   )
(1.05  	 -75   	 0   	 0.092091  -0.007977 -3.393621  0.000416  1.112865  -0.004382    )
(1.05  	 -45   	 0   	 0.077845  0.044510 -1.691549  -0.019751  0.355764  0.024624     )
(1.05  	 -20   	 0   	 0.111509  -0.005662 -0.516523  -0.000807  0.188918  -0.008359   )
(1.05  	 -10   	 0   	 0.126082  -0.001188 -0.220416  0.000015  0.069752  -0.001216    )
(1.05  	 -5   	 0   	 0.127440  0.001210 -0.106743  -0.000050  0.032166  0.001706     )
(1.05  	 0   	 0   	 0.126061  0.001771 -0.000638  -0.000091  0.000638  0.002308     )
(1.05  	 5   	 0   	 0.127504  0.001862 0.106330  -0.000147  -0.031929  0.002458     )
(1.05  	 10   	 0   	 0.126346  0.004180 0.219518  -0.000090  -0.068911  0.005534     )
(1.05  	 20   	 0   	 0.111749  0.006695 0.516118  -0.001066  -0.188323  0.012107     )
(1.05  	 45   	 0   	 0.077405  -0.036525 1.686079  -0.016171  -0.349312  -0.021843   )
(1.05  	 75   	 0   	 0.030128  0.014432 2.197859  -0.020107  -0.537877  0.027004     )
(1.05  	 -75   	 5   	 0.027433  0.201754 -2.146309  0.001568  0.510172  0.050317      )
(1.05  	 -45   	 5   	 0.071170  0.218975 -1.686630  0.006702  0.354458  0.043042      )
(1.05  	 -20   	 5   	 0.110216  0.145522 -0.519078  0.001087  0.186022  0.067959      )
(1.05  	 -10   	 5   	 0.126263  0.124016 -0.226266  -0.000720  0.076792  0.051194     )
(1.05  	 -5   	 5   	 0.128251  0.112289 -0.109674  -0.000111  0.035330  0.038527     )
(1.05  	 0   	 5   	 0.201902  0.288740 0.000328  0.000013  0.000278  0.081983       )
(1.05  	 5   	 5   	 0.128247  0.111583 0.109867  -0.000124  -0.035870  0.037887     )
(1.05  	 10   	 5   	 0.127033  0.125346 0.231426  0.000265  -0.083511  0.052775      )
(1.05  	 20   	 5   	 0.109519  0.156863 0.521466  -0.001459  -0.190004  0.085589     )
(1.05  	 45   	 5   	 0.074093  0.179819 1.685851  -0.026609  -0.353616  0.027895     )
(1.05  	 75   	 5   	 0.026637  0.200352 2.196915  -0.028705  -0.541108  0.072064     )
(1.05  	 -75   	 10   	 0.027746  0.397604 -2.120355  0.021145  0.504884  0.109972      )
(1.05  	 -45   	 10   	 0.076986  0.405660 -1.673215  0.025712  0.351269  0.063147      )
(1.05  	 -20   	 10   	 0.105023  0.300120 -0.532287  0.002276  0.183609  0.134645      )
(1.05  	 -10   	 10   	 0.124241  0.255024 -0.245350  -0.000480  0.098760  0.108185     )
(1.05  	 -5   	 10   	 0.126952  0.232859 -0.122159  0.000317  0.049545  0.084699      )
(1.05  	 0   	 10   	 0.126234  0.220897 -0.002828  -0.000009  0.003168  0.070721     )
(1.05  	 5   	 10   	 0.126184  0.227715 0.120974  -0.000713  -0.048948  0.078280     )
(1.05  	 10   	 10   	 0.124150  0.249201 0.251230  -0.000516  -0.106413  0.101361     )
(1.05  	 20   	 10   	 0.102948  0.301805 0.543046  -0.001799  -0.200033  0.138366     )
(1.05  	 45   	 10   	 0.062457  0.384240 1.687190  -0.031713  -0.365378  0.075270     )
(1.05  	 75   	 10   	 0.021974  0.401422 2.187321  -0.030357  -0.545210  0.115572     )
(1.05  	 -75   	 20   	 0.020849  0.777510 -2.078682  0.030622  0.521963  0.212083      )
(1.05  	 -45   	 20   	 0.050671  0.813923 -1.611416  0.030786  0.328368  0.155667      )
(1.05  	 -20   	 20   	 0.096867  0.703241 -0.649354  0.003669  0.234456  0.270892      )
(1.05  	 -10   	 20   	 0.103427  0.547270 -0.290353  -0.002027  0.133922  0.199037     )
(1.05  	 -5   	 20   	 0.109593  0.522752 -0.151325  -0.001031  0.081001  0.190469     )
(1.05  	 0   	 20   	 0.111405  0.516814 -0.008998  -0.000406  0.010915  0.189174     )
(1.05  	 5   	 20   	 0.109944  0.521655 0.134741  0.001245  -0.061831  0.187562      )
(1.05  	 10   	 20   	 0.104653  0.539810 0.280783  0.002872  -0.124001  0.186584      )
(1.05  	 20   	 20   	 0.097428  0.667855 0.676769  0.004760  -0.271832  0.226908      )
(1.05  	 45   	 20   	 0.045305  0.843172 1.662740  -0.020330  -0.399609  0.197149     )
(1.05  	 75   	 20   	 0.015922  0.825718 2.125784  -0.018755  -0.565094  0.258921     )
)